,n,p_contradiction,p_entailment,p_neutral,boundary
a,1441033,0.32952264104985796,0.3349840010603505,0.33549335788979157,0.33528010103290645
the,535480,0.35915440352580863,0.2781523119444237,0.3626932845297677,0.3365269255982754
in,407657,0.34756179827649225,0.3234778257211332,0.32896037600237454,0.33699352344178357
is,373876,0.33750227348104717,0.32696134547283057,0.33553638104612227,0.3371553035749922
on,236200,0.34278154106689246,0.32627434377646064,0.3309441151566469,0.33814185025201837
and,206513,0.329524049333456,0.32834736796230746,0.3421285827042365,0.3384758700035459
are,199291,0.3271196391206828,0.34300093832636697,0.3298794225529502,0.33856821961542655
of,192415,0.32804095314814335,0.3267936491437778,0.3451653977080789,0.3386609336066987
with,169510,0.3248657896289304,0.33529585275205004,0.33983835761901954,0.33900947770524104
woman,136681,0.3490609521440434,0.3252975907404833,0.32564145711547327,0.33965449679815807
two,122246,0.3292132257906189,0.345949969733161,0.3248368044762201,0.34001729216547716
people,121246,0.30557709120300874,0.38600036289856987,0.3084225458984214,0.34004479919070635
to,114069,0.28411750782421163,0.26595306349665554,0.4499294286791328,0.3402527148630286
at,98784,0.3491759799157758,0.2996942824748947,0.3511297376093295,0.3407687924696831
wearing,81140,0.33169829923588856,0.3437392161695834,0.32456248459452797,0.34153748335667466
his,72549,0.3282057643799363,0.26928007277839805,0.40251416284166563,0.3420096497073398
while,56305,0.3206464789983128,0.32645413373590265,0.35289938726578457,0.34318200396640774
sitting,53757,0.40152910318656176,0.3202001599791655,0.2782707368342727,0.34341270786207606
standing,46409,0.3399771596026633,0.3580555495701265,0.30196729082721024,0.34418134115878934
her,45673,0.32314496529678366,0.27510783176055875,0.4017472029426576,0.34426839724394565
for,42282,0.24017312331488577,0.21110638096589565,0.5487204957192185,0.34469843523749727
down,39031,0.3705772334810791,0.31580026133073713,0.31362250518818374,0.34516228496331464
walking,38849,0.3174599088779634,0.35656001441478546,0.32598007670725115,0.3451899607547431
outside,38777,0.21303865693581248,0.519276890940506,0.2676844521236816,0.34520096316946197
person,35833,0.28166773644405996,0.43239471995088324,0.2859375436050568,0.3456788568277221
women,34091,0.3512950632131648,0.31735648704936786,0.33134844973746735,0.34599034629174535
holding,34059,0.31436624680701136,0.3654247041897883,0.32020904900320035,0.34599629081925
child,32229,0.31487169940116044,0.35483570697198175,0.3302925936268578,0.3463508361361322
there,30529,0.24625765665432867,0.5421402600805791,0.2116020832650922,0.3467083645905811
water,29592,0.30264936469316034,0.37635171668018386,0.32099891862665586,0.34691846762712675
their,27922,0.31054365733113676,0.26710121051500607,0.42235513215385717,0.34731882805592157
up,26701,0.32759072693906593,0.3177034567993708,0.3547058162615632,0.3476350223965143
looking,26380,0.3027293404094011,0.345185746777862,0.3520849128127369,0.34772177298068846
as,24770,0.3220831651190957,0.306782398062172,0.3711344368187323,0.3481820216691117
some,23790,0.2772593526691887,0.37288776796973516,0.34985287936107606,0.34848477206728484
from,22892,0.33264896033548835,0.2790494495893762,0.3883015900751354,0.34877909134461166
other,21432,0.3128032848077641,0.3376726390444196,0.34952407614781633,0.3492965256110249
large,20900,0.3215789473684211,0.320622009569378,0.35779904306220095,0.349498416823809
through,20464,0.35413408913213446,0.318608287724785,0.32725762314308054,0.34966971350425907
running,20256,0.38981042654028436,0.311858214849921,0.29833135860979465,0.3497533748519479
has,20229,0.29596124375895994,0.3753522171140442,0.3286865391269959,0.3497643292561661
riding,19910,0.3796082370668006,0.3286288297338021,0.2917629331993973,0.3498954357181395
ball,19448,0.3126799670917318,0.33463595228301113,0.3526840806252571,0.35009100288296213
out,19166,0.32421997286862153,0.30413231764583115,0.3716477094855473,0.35021383515639765
near,17757,0.2607985583150307,0.45283550149236923,0.2863659401926001,0.350870777352395
beach,17630,0.3710153148043108,0.30255246738513897,0.3264322178105502,0.3509338306335022
dressed,16933,0.3205574912891986,0.35516447174156973,0.3242780369692317,0.3512924156425467
another,16372,0.3088199364769118,0.36012704617639874,0.33105301734668946,0.3515975153715039
around,16007,0.3523458486911976,0.33347910289248456,0.3141750484163179,0.35180457637010265
crowd,15741,0.29979035639413,0.3293310463121784,0.37087859729369166,0.3519599911175824
stands,14715,0.3310907237512742,0.35385660890248044,0.3150526673462453,0.35259841976826894
field,14700,0.3578231292517007,0.32081632653061226,0.32136054421768706,0.35260824638784954
sits,14065,0.39374333451830784,0.317170280838962,0.2890863846427302,0.35303855056094025
working,13377,0.2732301711893549,0.3831950362562607,0.3435747925543844,0.353538932417516
park,13057,0.36723596538255343,0.251129662250134,0.38163437236731257,0.3537850323661762
that,12918,0.3022139650100635,0.31041956959281625,0.3873664653971203,0.35389476993434715
it,12681,0.3006072076334674,0.2998974844255185,0.3994953079410141,0.3540860207099086
car,12280,0.4248371335504886,0.2757328990228013,0.2994299674267101,0.3544221354488379
picture,12253,0.2712805027340243,0.3879050028564433,0.3408144944095324,0.35444535769356683
game,12098,0.296908579930567,0.30004959497437594,0.40304182509505704,0.35458017125685015
watching,12095,0.43637866887143445,0.2562215791649442,0.30739975196362135,0.35458280608784515
talking,12046,0.29013780508052467,0.35198406109912006,0.3578781338203553,0.35462598089507197
something,11922,0.24073142090253313,0.43868478443214226,0.3205837946653246,0.3547364262230671
play,11901,0.3203932442651878,0.30862952693051005,0.3709772288043022,0.3547553013952681
off,11471,0.3339726266236597,0.28733327521576146,0.37869409816057886,0.35515311774159897
together,11464,0.2677076064200977,0.39776692254012563,0.3345254710397767,0.35515977838283114
camera,11350,0.3141850220264317,0.3564757709251101,0.32933920704845815,0.355269117500773
couple,11208,0.30442541042112775,0.3083511777301927,0.38722341184867953,0.3554076380818667
old,11195,0.34095578383206787,0.27735596248325145,0.3816882536846807,0.3554204510654086
eating,11117,0.5183952505172259,0.22874876315552756,0.25285598632724654,0.3554978003428291
city,10932,0.31394072447859495,0.3291255031101354,0.35693377241126967,0.35568455592180037
taking,10902,0.3546138323243442,0.27251880388919464,0.3728673637864612,0.3557152877149323
air,10333,0.3163650440336785,0.35855995354688863,0.3250750024194329,0.35632327558597493
he,10233,0.2821264536304114,0.24616437017492426,0.47170917619466435,0.3564353348493427
they,10155,0.2876415558838011,0.22708025603151158,0.48527818808468737,0.3565238877376693
him,9759,0.3118147351163029,0.316630802336305,0.37155446254739216,0.3569897214111003
being,9562,0.2773478351809245,0.3806734992679356,0.3419786655511399,0.35723216803363583
bench,9325,0.3878820375335121,0.3058445040214477,0.3062734584450402,0.3575339635001882
sleeping,9166,0.7299803622081605,0.13648265328387518,0.13353698450796422,0.35774296176940873
outdoors,9120,0.1362938596491228,0.6548245614035088,0.20888157894736842,0.35780444371031045
holds,8988,0.3020694259012016,0.37105028927458833,0.32688028482421005,0.3579834831538014
pool,8871,0.39882764062676135,0.28711531958065606,0.3140570397925826,0.3581455066125383
inside,8843,0.5282144068754947,0.27117494063100755,0.2006106524934977,0.35818475753265794
waiting,8700,0.25724137931034485,0.2247126436781609,0.5180459770114942,0.35838816381927496
them,8489,0.3155848745435269,0.3210036517846625,0.3634114736718106,0.3586976302416297
sit,8461,0.37158728282708897,0.32726628058149154,0.30114643659141943,0.3587395646298169
baseball,8380,0.374582338902148,0.3016706443914081,0.3237470167064439,0.35886205602383997
tree,8329,0.3639092328010565,0.30651939008284307,0.32957137711610035,0.35894009527784604
about,8293,0.239961413240082,0.2147594356686362,0.5452791510912818,0.3589956147016115
performing,8105,0.25157310302282543,0.3446020974706971,0.4038247995064775,0.35929153400714814
day,8049,0.3112187849422288,0.2524537209591254,0.4363274940986458,0.3593816780982246
swimming,7996,0.5352676338169085,0.21710855427713857,0.24762381190595298,0.35946786382377227
ground,7794,0.3745188606620477,0.3321785989222479,0.29330254041570436,0.3598043666322906
back,7786,0.3331620857950167,0.3068327767788338,0.3600051374261495,0.3598179624386821
getting,7786,0.26239404058566657,0.2924479835602363,0.4451579758540971,0.3598179624386821
race,7731,0.2919415340835597,0.2843099210968827,0.42374854481955765,0.3599120041562396
room,7715,0.423849643551523,0.2929358392741413,0.2832145171743357,0.35993955039586284
who,7651,0.3033590380342439,0.3220494053064959,0.37459155665926025,0.36005059808676687
having,7577,0.28441335620958164,0.29602745149795434,0.419559192292464,0.36018074681247403
work,7504,0.2583955223880597,0.2690565031982942,0.47254797441364604,0.360311018519224
construction,7478,0.3003476865472051,0.31960417223856646,0.3800481412142284,0.36035787671572367
football,7433,0.3761603659356922,0.30216601641329205,0.32167361765101576,0.3604395576926791
rock,7428,0.3086968228325256,0.32606354334948845,0.365239633817986,0.3604486791467716
someone,7412,0.21370750134916353,0.4473826227738802,0.3389098758769563,0.36047792979800963
all,7408,0.4094222462203024,0.24487041036717064,0.345707343412527,0.3604852572637835
band,7295,0.2980123372172721,0.3000685400959561,0.40191912268677177,0.36069474163801135
trying,7079,0.2265856759429298,0.23167113999152422,0.541743184065546,0.36110904139986527
workers,7036,0.3119670267197271,0.320636725412166,0.3673962478681069,0.3611937867237507
reading,6982,0.36536808937267257,0.3066456602692638,0.3279862503580636,0.36130131799922927
dancing,6836,0.39394382679929785,0.31597425394967815,0.290081919251024,0.3615984035094034
using,6556,0.28737034777303233,0.39093959731543626,0.3216900549115314,0.36219567893148835
be,6550,0.29770992366412213,0.30320610687022903,0.39908396946564884,0.36220889530046224
its,6549,0.3163841807909605,0.29317453046266606,0.3904412887463735,0.36221109979425997
making,6545,0.28663101604278074,0.31871657754010696,0.3946524064171123,0.36221992282118776
going,6404,0.24312929419113055,0.23219862585883821,0.5246720799500312,0.36253619649572855
this,6230,0.27993579454253614,0.39325842696629215,0.32680577849117176,0.36294119696090743
long,6194,0.3159509202453988,0.30400387471746854,0.3800452050371327,0.36302711388265396
ocean,6153,0.3898911100276288,0.27807573541361935,0.3320331545587518,0.3631258806343042
suit,6134,0.3699054450603195,0.30860776002608414,0.32148679491359633,0.3631719860089627
she,6123,0.28548097337906253,0.24922423648538297,0.46529479013555447,0.3631987766260749
basketball,6039,0.4154661367776122,0.288789534691174,0.2957443285312138,0.3634057673240353
team,6001,0.2897850358273621,0.2744542576237294,0.4357607065489085,0.3635008305751768
runs,5937,0.36937847397675594,0.32491157150075795,0.3057099545224861,0.3636629953436554
was,5791,0.34121913313762736,0.25073389742704194,0.4080469694353307,0.36404294414694577
home,5695,0.5232660228270413,0.10992098331870062,0.36681299385425814,0.3643006967559795
restaurant,5639,0.38340131228941304,0.2865756339776556,0.3300230537329314,0.3644540828307908
toy,5599,0.2873727451330595,0.3423825683157707,0.3702446865511699,0.36456505037666675
chair,5539,0.38129626286333274,0.31269182162845277,0.3060119155082145,0.36473375011148745
floor,5534,0.38507408745934224,0.31080592699674736,0.3041199855439104,0.3647479321350542
friends,5505,0.21653042688465032,0.14150772025431427,0.6419618528610355,0.3648305685302789
during,5350,0.3069158878504673,0.27869158878504674,0.41439252336448595,0.36528357916600507
kid,5289,0.29476271506901114,0.3711476649650217,0.3340896199659671,0.3654672979820376
music,5281,0.22722969134633592,0.4010604052262829,0.3717099034273812,0.3654916280742218
have,5262,0.30976814899277844,0.3217407829722539,0.3684910680349677,0.36554963425418296
family,5217,0.290205098715737,0.22925052712286756,0.48054437416139545,0.3656882791391377
bus,5213,0.38941108766545174,0.2631881833876846,0.34740072894686364,0.36570068993583726
lake,5129,0.3817508286215637,0.2571651394033925,0.36108403197504385,0.3659646610989462
after,5101,0.27680846892766126,0.1819251127229955,0.5412664183493433,0.3660540971689321
ready,5023,0.2504479394783994,0.2504479394783994,0.4991041210432013,0.36630717179470595
ride,4992,0.304286858974359,0.31310096153846156,0.38261217948717946,0.3664093960503755
clothing,4984,0.30296950240770465,0.38362760834670945,0.31340288924558585,0.366435931203233
house,4903,0.4327962471955945,0.21802977768713033,0.34917397511727516,0.36670824680829955
clothes,4814,0.29289572081429166,0.4113003739094308,0.29580390527627753,0.36701534733921864
posing,4780,0.2711297071129707,0.348744769874477,0.3801255230125523,0.36713492466805214
drinking,4770,0.41844863731656184,0.27253668763102723,0.3090146750524109,0.36717033755501405
not,4765,0.5183630640083945,0.2736621196222455,0.2079748163693599,0.3671880857881892
very,4733,0.30466934291147263,0.2708641453623495,0.4244665117261779,0.36730233965425685
laying,4729,0.4514696553182491,0.2850496933812645,0.26348065130048637,0.367316702871102
no,4684,0.6953458582408198,0.142399658411614,0.16225448334756618,0.3674795547307207
ice,4678,0.38584865327062845,0.29350149636596834,0.32064985036340315,0.367501445675205
enjoying,4658,0.2606268784886217,0.2913267496779734,0.4480463718334049,0.367574720716134
big,4640,0.2821120689655172,0.27607758620689654,0.4418103448275862,0.3676410729123792
shopping,4620,0.3177489177489177,0.2878787878787879,0.3943722943722944,0.36771525189536847
middle,4588,0.37467306015693114,0.2999128160418483,0.3254141238012206,0.36783494562053265
kitchen,4498,0.40151178301467316,0.3045798132503335,0.29390840373499333,0.3681784055978329
book,4471,0.3782151643927533,0.2968016103779915,0.3249832252292552,0.3682834604898948
worker,4361,0.30314148131162577,0.32217381334556294,0.3746847053428113,0.36872149900228113
away,4251,0.4206069160197601,0.24888261585509291,0.330510468125147,0.36917643157526436
market,4198,0.29394949976179136,0.3334921391138637,0.37255836112434493,0.36940198253447815
get,4089,0.23281976033259966,0.2186353631694791,0.5485448764979213,0.36987955969146397
couch,4088,0.5880626223091977,0.2071917808219178,0.20474559686888455,0.3698840293577631
towards,4054,0.3063640848544647,0.321657622101628,0.3719782930439072,0.37003698063085283
tall,3928,0.1939918533604888,0.18228105906313646,0.6237270875763747,0.37062101270357756
jump,3883,0.30723667267576615,0.31676538758691736,0.3759979397373165,0.37083645335774873
bed,3861,0.6102046102046103,0.18777518777518779,0.20202020202020202,0.37094314808264794
driving,3844,0.5616545265348595,0.2169614984391259,0.22138397502601456,0.37102622059998863
high,3816,0.31472746331236895,0.30424528301886794,0.3810272536687631,0.371164254130646
event,3788,0.26874340021119325,0.34424498416050686,0.3870116156282999,0.371303815313736
just,3758,0.25199574241617884,0.1804151144225652,0.567589143161256,0.3714550726460277
cat,3707,0.7251146479633126,0.11491772322632857,0.15996762881035878,0.37171641164320995
fire,3701,0.390705214806809,0.28100513374763575,0.3282896514455553,0.3717475120493738
stick,3670,0.3008174386920981,0.3220708446866485,0.3771117166212534,0.37190941060380706
photo,3664,0.27347161572052403,0.34443231441048033,0.38209606986899564,0.3719409828998604
night,3633,0.3214973850812001,0.2931461601981833,0.3853564547206166,0.3721053504818566
party,3587,0.26233621410649566,0.21243378868134932,0.525229997212155,0.3723531663698883
school,3583,0.31900641920178624,0.18364499023164946,0.49734859056656433,0.37237494083198286
fishing,3533,0.32295499575431647,0.30370789697141237,0.37333710727427116,0.3726502340987019
bar,3514,0.42686397268070575,0.2546955036994878,0.3184405236198065,0.3727563829404751
adults,3484,0.3811710677382319,0.31802525832376577,0.3008036739380023,0.37292575096765074
like,3482,0.3256748994830557,0.29437105112004597,0.3799540493968983,0.3729371199320299
cooking,3477,0.3747483462755249,0.3183779119930975,0.3068737417313776,0.37296558524627677
catch,3472,0.2963709677419355,0.2638248847926267,0.4398041474654378,0.37299411202742155
preparing,3458,0.2651821862348178,0.29872758820127243,0.43609022556390975,0.37307431590851586
mother,3382,0.2761679479597871,0.1995860437610881,0.5242460082791248,0.3735183630155264
new,3376,0.22511848341232227,0.15136255924170616,0.6235189573459715,0.3735540566092537
body,3347,0.30953092321481923,0.37675530325664774,0.313713773528533,0.3737279265373305
trick,3320,0.258433734939759,0.33825301204819275,0.4033132530120482,0.3738918490589408
hard,3316,0.3106151990349819,0.310313630880579,0.3790711700844391,0.3739163039997975
selling,3273,0.30339138405132904,0.30308585395661475,0.3935227619920562,0.3741820194744946
racing,3269,0.288161517283573,0.3071275619455491,0.40471092077087795,0.3742070033827271
alone,3256,0.6858108108108109,0.14312039312039312,0.17106879606879608,0.37428851879861463
concert,3122,0.3058936579115951,0.2238949391415759,0.47021140294682895,0.3751582077590502
animal,3070,0.19022801302931597,0.5612377850162866,0.2485342019543974,0.3755109375643424
pictures,2971,0.2857623695725345,0.30865028609895656,0.4055873443285089,0.37620790251956104
gathered,2967,0.296932928884395,0.38591169531513314,0.3171553758004719,0.37623679374196783
take,2944,0.28566576086956524,0.2673233695652174,0.4470108695652174,0.3764040593291763
fish,2904,0.3305785123966942,0.27479338842975204,0.39462809917355374,0.37669967519397274
asleep,2880,0.6927083333333334,0.15034722222222222,0.15694444444444444,0.37687999340151335
what,2857,0.29926496324816243,0.30836541827091357,0.39236961848092405,0.3770549261085527
sunny,2826,0.3308563340410474,0.2724699221514508,0.39667374380750176,0.37729407555472816
practicing,2776,0.2546829971181556,0.25324207492795386,0.4920749279538905,0.37768820879559706
time,2771,0.22663298448213642,0.24828581739444244,0.5250811981234211,0.3777282077896235
instrument,2744,0.22376093294460642,0.5244169096209913,0.25182215743440234,0.37794608815143194
frisbee,2727,0.3193986065273194,0.2992299229922992,0.3813714704803814,0.37808492909705116
instruments,2693,0.2959524693650204,0.4147790568139621,0.28926847382101745,0.37836654473135634
empty,2667,0.6070491188601425,0.1803524559430071,0.2125984251968504,0.3785855218027428
dinner,2645,0.4680529300567108,0.12816635160680528,0.40378071833648393,0.37877332644795597
go,2641,0.3116243847027641,0.18439984854221886,0.503975766755017,0.37880772463086443
throwing,2633,0.43220660843144704,0.2707937713634637,0.29699962020508924,0.3788767560046413
parade,2633,0.2726927459172047,0.2818078237751614,0.4454994303076339,0.3788767560046413
rain,2613,0.33983926521239954,0.23383084577114427,0.4263298890164562,0.3790507192914158
show,2610,0.2628352490421456,0.23295019157088123,0.5042145593869731,0.3790769861053945
competition,2594,0.17656129529683887,0.19275250578257516,0.630686198920586,0.3792178444919738
audience,2554,0.2897415818324197,0.30618637431480034,0.40407204385277995,0.3795757634188642
vehicle,2554,0.2572435395458105,0.46280344557556774,0.2799530148786218,0.3795757634188642
beer,2498,0.38470776621297037,0.2790232185748599,0.33626901521216973,0.38009122044095695
performs,2483,0.2666129681836488,0.34756343133306483,0.38582360048328634,0.38023224183417303
human,2438,0.05947497949138638,0.566447908121411,0.37407711238720265,0.38066308703308094
equipment,2412,0.2898009950248756,0.39344941956882257,0.3167495854063018,0.38091749730003865
break,2405,0.32182952182952185,0.1787941787941788,0.4993762993762994,0.38098669628700144
can,2395,0.27265135699373694,0.31022964509394574,0.4171189979123173,0.38108607775668846
indoors,2386,0.4966471081307628,0.3704945515507125,0.13285834031852473,0.3811760547442127
students,2382,0.3060453400503778,0.29429051217464314,0.399664147774979,0.3812162081053812
nobody,2380,0.9941176470588236,0.0008403361344537816,0.005042016806722689,0.3812363227354522
giving,2360,0.2940677966101695,0.2944915254237288,0.4114406779661017,0.3814388732769489
chasing,2356,0.3637521222410866,0.183786078098472,0.4524617996604414,0.3814796925799605
object,2348,0.2785349233390119,0.4190800681431005,0.3023850085178876,0.3815616438890497
wedding,2320,0.25301724137931036,0.2620689655172414,0.4849137931034483,0.3818518039403842
art,2316,0.2646804835924007,0.35233160621761656,0.38298791018998274,0.3818936843716667
before,2304,0.25390625,0.2092013888888889,0.5368923611111112,0.38201997938609644
make,2299,0.25228360156589824,0.2779469334493258,0.469769464984776,0.3820728939175847
wet,2299,0.22009569377990432,0.4684645498042627,0.311439756415833,0.3820728939175847
cream,2284,0.3997373029772329,0.26532399299474607,0.334938704028021,0.3822326787214109
son,2279,0.2904782799473453,0.18560772268538833,0.5239139973672663,0.3822862905622997
happy,2272,0.2011443661971831,0.31778169014084506,0.4810739436619718,0.3823616442518948
father,2263,0.27132125497127707,0.1992929739284136,0.5293857711003094,0.38245904083796023
hot,2234,0.4243509400179051,0.19561324977618622,0.3800358102059087,0.3827768680275392
fighting,2199,0.4552069122328331,0.25056844020009095,0.29422464756707595,0.3831687943757703
flying,2196,0.5068306010928961,0.25045537340619306,0.24271402550091076,0.3832028233732776
coffee,2193,0.4058367533059736,0.2498860009119927,0.3442772457820337,0.3832369221738703
lunch,2185,0.4745995423340961,0.09794050343249427,0.4274599542334096,0.38332819538930124
showing,2167,0.2533456391324412,0.3137978772496539,0.43285648361790496,0.38353540500791433
wears,2161,0.2966219342896807,0.4113836186950486,0.2919944470152707,0.38360504953389635
swim,2155,0.34849187935034803,0.2357308584686775,0.4157772621809745,0.3836749847166083
fun,2145,0.17342657342657342,0.2778554778554779,0.5487179487179488,0.38379219477371834
friend,2136,0.21254681647940074,0.1540262172284644,0.6334269662921348,0.383898386812833
lying,2102,0.41294005708848713,0.31351094196003804,0.2735490009514748,0.38430569304216206
way,2095,0.24343675417661098,0.22195704057279236,0.5346062052505967,0.38439077871434657
tv,2078,0.78055822906641,0.08373435996150144,0.13570741097208855,0.3845992023378483
animals,2045,0.25036674816625915,0.5183374083129584,0.2312958435207824,0.3850111835582391
eat,2011,0.4157135753356539,0.22874191944306316,0.35554450522128295,0.3854462115119419
cake,2002,0.39760239760239763,0.2792207792207792,0.32317682317682317,0.38556321699878976
teams,1977,0.3024785027819929,0.30450177035913,0.3930197268588771,0.38589241402863733
eats,1968,0.6509146341463414,0.17682926829268292,0.1722560975609756,0.3860124577648263
class,1950,0.32256410256410256,0.22256410256410256,0.45487179487179485,0.3862550336806008
perform,1947,0.2665639445300462,0.31689779147406266,0.4165382639958911,0.3862957897130929
gets,1921,0.293076522644456,0.30609057782404997,0.40083289953149404,0.3866529983961412
match,1915,0.2939947780678851,0.27780678851174934,0.4281984334203655,0.3867364625720348
competing,1908,0.18920335429769392,0.2641509433962264,0.5466457023060797,0.3868343346019554
made,1884,0.3476645435244161,0.25796178343949044,0.39437367303609344,0.38717402691155434
hit,1876,0.302771855010661,0.30756929637526653,0.3896588486140725,0.38728870370511465
prepares,1870,0.2802139037433155,0.2914438502673797,0.4283422459893048,0.38737519380130186
place,1867,0.26245313336904125,0.3352972683449384,0.40224959828602036,0.38741859511505783
video,1852,0.4811015118790497,0.23218142548596113,0.2867170626349892,0.3876371811942336
how,1848,0.26406926406926406,0.22564935064935066,0.5102813852813853,0.3876959198245594
business,1819,0.34194612424409015,0.2644310060472787,0.39362286970863114,0.3881275528859187
church,1800,0.40944444444444444,0.2111111111111111,0.3794444444444444,0.3884159854567542
moving,1800,0.19111111111111112,0.55,0.2588888888888889,0.3884159854567542
desk,1763,0.39251276233692567,0.3159387407827567,0.29154849688031764,0.3889909927535113
first,1748,0.17162471395881007,0.12356979405034325,0.7048054919908466,0.3892292883747679
do,1738,0.30724971231300346,0.27042577675489066,0.4223245109321059,0.3893898631239737
office,1718,0.47729918509895225,0.21129220023282888,0.31140861466821884,0.38971520845473956
waits,1717,0.26965637740244613,0.25684333139196275,0.4735002912055912,0.38973162478209905
tries,1713,0.27437244600116756,0.2819614711033275,0.44366608289550497,0.3897974337793395
only,1701,0.586713697824809,0.16049382716049382,0.25279247501469726,0.3899962516496025
taken,1691,0.2241277350680071,0.37610881135422825,0.39976345357776466,0.3901635473142561
marathon,1685,0.3685459940652819,0.2344213649851632,0.39703264094955487,0.3902646387916896
crying,1678,0.4970202622169249,0.22228843861740166,0.2806912991656734,0.39038326345914276
because,1666,0.24369747899159663,0.03961584633853541,0.7166866746698679,0.3905883567393881
skiing,1662,0.42178098676293624,0.29482551143200963,0.2833935018050541,0.3906572142788907
cafe,1658,0.4264173703256936,0.26537997587454765,0.30820265379975875,0.39072632085123643
daughter,1657,0.28062764031382015,0.17863608931804467,0.5407362703681352,0.39074363658176103
see,1640,0.25182926829268293,0.2707317073170732,0.4774390243902439,0.39104042285483376
life,1633,0.3104715248009798,0.2878138395590937,0.40171463563992654,0.39116397388375895
wait,1632,0.27512254901960786,0.2928921568627451,0.4319852941176471,0.3911816888912354
tricks,1617,0.2300556586270872,0.3085961657390229,0.4613481756338899,0.39144938285020003
humans,1575,0.0380952380952381,0.6222222222222222,0.3396825396825397,0.39221916539067536
gym,1571,0.4201145767027371,0.2609802673456397,0.31890515595162316,0.39229408378236896
fixing,1554,0.29407979407979407,0.29407979407979407,0.4118404118404118,0.3926157074607351
artist,1554,0.2754182754182754,0.3153153153153153,0.4092664092664093,0.3926157074607351
musical,1535,0.2586319218241042,0.43778501628664496,0.3035830618892508,0.39298147326523125
desert,1527,0.5003274394237066,0.23968565815324164,0.2599869024230517,0.3931375183714594
conversation,1511,0.27332892124420916,0.400397088021178,0.32627399073461283,0.3934533182438856
helping,1498,0.260347129506008,0.32376502002670227,0.4158878504672897,0.3937136224766385
karate,1486,0.2759084791386272,0.32705248990578734,0.39703903095558546,0.39395692885845957
diving,1486,0.4165545087483176,0.27927321668909827,0.3041722745625841,0.39395692885845957
sad,1478,0.16170500676589986,0.08322056833558863,0.7550744248985115,0.3941207767127405
sleeps,1475,0.5627118644067797,0.21898305084745762,0.2183050847457627,0.3941825630509467
picnic,1463,0.3513328776486671,0.2228298017771702,0.4258373205741627,0.39443160595961135
classroom,1461,0.3997262149212868,0.30116358658453113,0.2991101984941821,0.39447341114590967
christmas,1459,0.2762165867032214,0.2556545579163811,0.46812885538039756,0.3945153022627207
cold,1439,0.21195274496177902,0.3071577484364142,0.4808895066018068,0.3949390051710621
chinese,1427,0.31394533987386125,0.2908199018920813,0.39523475823405746,0.3951974916427164
huge,1413,0.28308563340410475,0.2484076433121019,0.46850672328379334,0.3955032111948174
throws,1405,0.44341637010676155,0.2683274021352313,0.28825622775800713,0.3956799560513964
town,1400,0.32785714285714285,0.27,0.40214285714285714,0.3957911900786714
shows,1381,0.2838522809558291,0.30702389572773353,0.4091238233164374,0.39621937451811473
performance,1370,0.24087591240875914,0.30875912408759126,0.45036496350364963,0.396471331984357
jogging,1369,0.44558071585098613,0.2702702702702703,0.2841490138787436,0.39649438767205303
living,1368,0.5219298245614035,0.20394736842105263,0.2741228070175439,0.39651746863549064
plane,1365,0.4981684981684982,0.22197802197802197,0.27985347985347986,0.3965868636430093
washing,1361,0.429096252755327,0.26671565025716387,0.3041880969875092,0.39667974699746283
owner,1353,0.15003695491500368,0.08795269770879527,0.762010347376201,0.3968667478874084
naked,1351,0.7520355292376018,0.11843079200592153,0.12953367875647667,0.3969137574495591
part,1343,0.2099776619508563,0.24348473566641846,0.5465376023827252,0.3971028446302076
photographer,1333,0.27081770442610653,0.304576144036009,0.42460615153788445,0.39734159316762335
money,1327,0.2185380557648832,0.18990203466465713,0.5915599095704597,0.3974861359030621
enjoy,1307,0.2739097169089518,0.2754399387911247,0.4506503442999235,0.3979751125096529
close,1294,0.25656877897990726,0.41112828438948995,0.3323029366306028,0.398299008593913
birthday,1294,0.19242658423493045,0.12982998454404945,0.6777434312210201,0.398299008593913
professional,1291,0.21223857474825716,0.2029434546862897,0.5848179705654531,0.3983744477622677
movie,1274,0.631083202511774,0.06985871271585557,0.2990580847723705,0.39880695749362105
nap,1263,0.6144101346001584,0.13380839271575615,0.2517814726840855,0.3990914580893275
sunset,1262,0.294770206022187,0.294770206022187,0.410459587955626,0.3991175060700504
performer,1254,0.2822966507177033,0.30462519936204147,0.4130781499202552,0.3993270103352565
coming,1254,0.2886762360446571,0.3094098883572568,0.4019138755980861,0.3993270103352565
well,1236,0.27184466019417475,0.3074433656957929,0.42071197411003236,0.3998058099167342
wife,1234,0.23905996758508913,0.07860615883306321,0.6823338735818476,0.39985965559310793
females,1232,0.29383116883116883,0.4042207792207792,0.30194805194805197,0.3999136323340442
local,1231,0.3322502030869212,0.17546709991876522,0.49228269699431354,0.3999406700200321
festival,1222,0.24631751227495907,0.265139116202946,0.4885433715220949,0.4001855007536703
good,1221,0.1769041769041769,0.24078624078624078,0.5823095823095823,0.4002128711406595
airplane,1218,0.45648604269293924,0.26108374384236455,0.2824302134646962,0.4002951844491136
mall,1215,0.5094650205761316,0.1794238683127572,0.3111111111111111,0.40037780243379434
closed,1210,0.4413223140495868,0.27107438016528923,0.28760330578512394,0.40051618125821087
mud,1199,0.41451209341117595,0.2652210175145955,0.3202668890742285,0.4008236558528338
so,1197,0.24979114452798662,0.15873015873015872,0.5914786967418546,0.40088001521340216
puppy,1196,0.338628762541806,0.2140468227424749,0.44732441471571904,0.40090824789253676
fair,1182,0.26903553299492383,0.27580372250423013,0.45516074450084604,0.40130725971276393
goal,1182,0.2859560067681895,0.2868020304568528,0.4272419627749577,0.40130725971276393
pond,1167,0.414738646101114,0.24592973436161097,0.3393316195372751,0.4017427153281279
project,1154,0.23483535528596186,0.29462738301559793,0.47053726169844023,0.4021269576960214
been,1141,0.2427695004382121,0.2462751971954426,0.5109553023663453,0.4025177483060568
summer,1138,0.37082601054481545,0.17750439367311072,0.45166959578207383,0.4026088803960198
buying,1134,0.35714285714285715,0.19223985890652556,0.4506172839506173,0.40273095193926456
fast,1128,0.3519503546099291,0.21365248226950354,0.43439716312056736,0.4029152752880998
climb,1124,0.3069395017793594,0.2820284697508897,0.4110320284697509,0.4030389766158942
drives,1121,0.47100802854594115,0.26672613737734163,0.2622658340767172,0.4031321867889566
piano,1117,0.5102954341987467,0.23903312444046554,0.25067144136078784,0.40325705066954387
games,1109,0.5401262398557258,0.19116321009918846,0.26871055004508565,0.40350880204138423
clean,1107,0.35862691960252935,0.23667570009033423,0.4046973803071364,0.4035721659086573
married,1093,0.18938700823421775,0.19579139981701738,0.6148215919487648,0.40402057158279
but,1092,0.3415750915750916,0.2518315018315018,0.4065934065934066,0.4040529301279728
put,1091,0.29514207149404215,0.2841429880843263,0.42071494042163154,0.40408533315225936
enjoys,1086,0.22099447513812154,0.26611418047882135,0.5128913443830571,0.4042480190415001
song,1085,0.2055299539170507,0.21566820276497695,0.5788018433179724,0.40428069109377857
homeless,1085,0.22672811059907835,0.20276497695852536,0.5705069124423963,0.40428069109377857
chef,1072,0.3041044776119403,0.2789179104477612,0.41697761194029853,0.40470957928339135
touching,1068,0.23876404494382023,0.5159176029962547,0.24531835205992508,0.40484311774616266
nice,1066,0.275797373358349,0.29362101313320826,0.43058161350844276,0.4049101686604833
had,1060,0.27641509433962264,0.25,0.47358490566037736,0.4051124587538981
things,1056,0.19318181818181818,0.4990530303030303,0.3077651515151515,0.4052482755743452
parents,1052,0.22813688212927757,0.1397338403041825,0.6321292775665399,0.405384866280969
dry,1032,0.5,0.23546511627906977,0.26453488372093026,0.4060796898106608
celebrating,1032,0.19476744186046513,0.2248062015503876,0.5804263565891473,0.4060796898106608
help,1027,0.2560856864654333,0.3028237585199611,0.44109055501460565,0.40625655940427463
sport,1017,0.19370698131760078,0.5496558505408063,0.25663716814159293,0.40661420365883755
device,1000,0.28,0.422,0.298,0.4072344660506987
will,999,0.23723723723723725,0.19119119119119118,0.5715715715715716,0.4072714443530964
sale,998,0.2745490981963928,0.3096192384769539,0.41583166332665333,0.40730847822019184
weather,991,0.24217961654894046,0.29969727547931385,0.4581231079717457,0.4075692828640981
meeting,975,0.3117948717948718,0.2041025641025641,0.4841025641025641,0.40817591970828393
job,973,0.21788283658787255,0.24665981500513876,0.5354573484069887,0.4082527996323805
pizza,972,0.5617283950617284,0.15637860082304528,0.28189300411522633,0.4082913285453408
tourists,966,0.2701863354037267,0.2577639751552795,0.4720496894409938,0.4085237569952962
museum,961,0.33714880332986474,0.25286160249739853,0.4099895941727367,0.40871910786664395
porch,957,0.47335423197492166,0.2507836990595611,0.27586206896551724,0.40887648961317535
mom,953,0.2570828961175236,0.19517313746065057,0.5477439664218258,0.40903486118381893
fans,949,0.2781875658587987,0.30031612223393045,0.4214963119072708,0.40919423299780266
teacher,948,0.29430379746835444,0.2510548523206751,0.45464135021097046,0.40923423347496374
chases,941,0.49309245483528164,0.20191285866099895,0.30499468650371947,0.4095160198066304
happily,941,0.1944739638682253,0.18703506907545164,0.6184909670563231,0.4095160198066304
prepare,928,0.2769396551724138,0.27586206896551724,0.44719827586206895,0.41004777118643987
without,926,0.4654427645788337,0.2602591792656587,0.27429805615550756,0.4101305714672637
indoor,924,0.41774891774891776,0.2803030303030303,0.30194805194805197,0.4102136404349057
practice,918,0.2821350762527233,0.25381263616557737,0.46405228758169936,0.41046447407720277
cow,916,0.44541484716157204,0.2609170305676856,0.29366812227074235,0.4105486324663875
fall,913,0.28696604600219056,0.2322015334063527,0.48083242059145676,0.4106753881727249
cats,911,0.8792535675082327,0.048298572996706916,0.07244785949506037,0.4107602396023454
swims,907,0.46416758544652703,0.2679162072767365,0.2679162072767365,0.4109307836553801
multiple,901,0.24972253052164262,0.4938956714761376,0.2563817980022198,0.4111887260298627
customers,891,0.2895622895622896,0.2884399551066218,0.4219977553310887,0.41162440594320143
library,889,0.5219347581552306,0.20584926884139482,0.2722159730033746,0.41171242291603305
shooting,885,0.4192090395480226,0.26666666666666666,0.31412429378531076,0.41188935110862196
funny,874,0.2036613272311213,0.23684210526315788,0.5594965675057209,0.41238215103472686
learning,869,0.2520138089758343,0.19907940161104717,0.5489067894131185,0.4126092380228284
caught,868,0.30184331797235026,0.2557603686635945,0.4423963133640553,0.41265489072150974
got,867,0.20761245674740483,0.15340253748558247,0.6389850057670127,0.41270062238134125
present,851,0.2972972972972973,0.43478260869565216,0.2679200940070505,0.4134432564693138
blonde,844,0.3518957345971564,0.22156398104265404,0.4265402843601896,0.41377477988517414
television,842,0.6733966745843231,0.13182897862232779,0.19477434679334918,0.4138702593805655
warm,836,0.2894736842105263,0.2703349282296651,0.44019138755980863,0.4141587507857118
teaching,832,0.26802884615384615,0.234375,0.49759615384615385,0.41435280969038124
hospital,821,0.4299634591961023,0.26065773447015833,0.3093788063337393,0.4148937651620383
favorite,820,0.12560975609756098,0.045121951219512194,0.8292682926829268,0.4149434819797176
more,812,0.1625615763546798,0.5012315270935961,0.33620689655172414,0.4153445170662724
york,800,0.28,0.25,0.47,0.4159573115184646
speech,799,0.2565707133917397,0.2928660826032541,0.45056320400500627,0.41600899996780244
buy,799,0.21026282853566958,0.16520650813516896,0.6245306633291614,0.41600899996780244
student,795,0.2930817610062893,0.27672955974842767,0.43018867924528303,0.4162167281008513
sleep,792,0.6843434343434344,0.11994949494949494,0.19570707070707072,0.4163735558565425
garage,780,0.49615384615384617,0.2282051282051282,0.27564102564102566,0.41700988870647787
bath,768,0.4973958333333333,0.21484375,0.2877604166666667,0.41766107794684176
tool,767,0.26988265971316816,0.41851368970013036,0.3116036505867014,0.41771603249461875
participating,762,0.23097112860892388,0.34908136482939633,0.4199475065616798,0.4179924259604596
winning,759,0.10144927536231885,0.05665349143610013,0.841897233201581,0.41815957141958315
than,758,0.12532981530343007,0.5804749340369393,0.2941952506596306,0.41821550696017296
bathroom,758,0.48021108179419525,0.22163588390501318,0.29815303430079154,0.41821550696017296
photos,754,0.25862068965517243,0.2984084880636605,0.44297082228116713,0.41844036079418606
try,754,0.27718832891246686,0.2480106100795756,0.47480106100795755,0.41844036079418606
sofa,746,0.4959785522788204,0.26005361930294907,0.24396782841823056,0.41889548183318726
broken,741,0.3724696356275304,0.1862348178137652,0.44129554655870445,0.41918366772323434
falls,738,0.45934959349593496,0.21951219512195122,0.32113821138211385,0.41935798330249385
tired,736,0.13451086956521738,0.17798913043478262,0.6875,0.41947478532501925
training,735,0.21496598639455783,0.23673469387755103,0.5482993197278911,0.419533365033926
bank,734,0.4223433242506812,0.2356948228882834,0.3419618528610354,0.41959206441539715
space,733,0.4815825375170532,0.26193724420190995,0.25648021828103684,0.4196508838774536
win,730,0.13424657534246576,0.12191780821917808,0.7438356164383562,0.4198280668566727
great,717,0.2384937238493724,0.24546722454672246,0.5160390516039052,0.42060866687645
start,717,0.2608089260808926,0.22733612273361228,0.5118549511854951,0.42060866687645
college,707,0.26732673267326734,0.22913719943422914,0.5035360678925035,0.4212237226436057
cards,704,0.484375,0.25142045454545453,0.26420454545454547,0.42141079001943493
bear,703,0.4793741109530583,0.20625889046941678,0.31436699857752487,0.42147341175268266
still,694,0.5086455331412104,0.2276657060518732,0.26368876080691644,0.4220430842578608
vacation,692,0.0968208092485549,0.044797687861271675,0.8583815028901735,0.4221711850479503
trip,691,0.18958031837916064,0.14037626628075253,0.6700434153400868,0.4222354439002689
everyone,689,0.6328011611030478,0.12917271407837447,0.23802612481857766,0.42236438103918594
repairing,686,0.2813411078717201,0.2696793002915452,0.4489795918367347,0.4225588429695306
sell,680,0.25441176470588234,0.23970588235294119,0.5058823529411764,0.4229516204058293
theater,680,0.611764705882353,0.14558823529411766,0.2426470588235294,0.4229516204058293
castle,680,0.3088235294117647,0.23529411764705882,0.45588235294117646,0.4229516204058293
if,678,0.2610619469026549,0.26843657817109146,0.47050147492625366,0.42308370343560675
husband,672,0.20089285714285715,0.05505952380952381,0.7440476190476191,0.4234834843456534
brother,671,0.21758569299552907,0.12667660208643816,0.6557377049180327,0.42355063530543924
fetch,669,0.18086696562032886,0.09865470852017937,0.7204783258594918,0.4236853886321804
model,668,0.25299401197604793,0.23652694610778444,0.5104790419161677,0.4237529921248402
protest,667,0.27136431784107945,0.22338830584707647,0.5052473763118441,0.4238207475924159
lost,662,0.283987915407855,0.06042296072507553,0.6555891238670695,0.4241618246186599
compete,654,0.26299694189602446,0.28440366972477066,0.4525993883792049,0.42471566201494815
world,653,0.28024502297090353,0.17151607963246554,0.5482388973966309,0.4247856064022887
